Lounge:
kitchen:0,246 78,267 157,783 0,828
drawing-room:475,322 547,333 548,541 475,532
my-room: 616,339 760,338 613,561 747,563
parents-room: 1566,414 1645,404 1586,734  1516,697
brothers-room: 1763,377 1680,746 1914,730 1917,363
clock: 376,175 328,203 334,259 382,295 426,288  442,244 424,202
dining:875,699 1393,730 1421,525 860,505
fan:377,175 332,193 328,245  387,294 432,276  438,222
sofa:1583,738 1918,751  1729,1074 1549,944 1607,808
tv:527,381  551,611 624,630 632,729 393,889 264,885 174,358
table:930,1078 958,927 1617,960 1718,1079

Drawing-Room:
Computer-table:1530,899 1618,641 1642,338 1919,1025 1661,1058
right-sofas:1590,544 1618,703 1517,861 982,673 974,578 1119,499
bathroom-door: 1008,355 1016,565 966,576 942,609 920,369
outside-door: 771,584 759,357 907,376 918,617
curtains: 594,346 604,573 653,543 713,579 724,336 221,306 253,564 292,646 379,598 424,332
window: 433,360 594,362 596,545 405,557
showpiece: 11,349 126,418 204,493 281,649 65,643 9,532
bed: 352,608 599,576 744,586 909,619 924,668 808,646 474,726 436,641 326,649
left-sofa: 11,622 147,693 422,657 438,720 673,917 743,897 814,984 642,1078 198,1077 5,1047
table: 600,711 826,654 1176,742 1154,861 1059,935 921,870 793,884 657,812
ac: 469,265 477,321 706,332 703,279
fan: 596,161 638,240 831,232 910,257 1097,189 879,115 806,166